00100000000010010000000000000000
00100000000010100000000000001000
00100000000101000000000000000001
00010001001010100000000000001101
00000001010010010110000000100010
00100001001010010000000000000001
00100000000010110000000000000000
00001000000000000000000000001000
00010001011011001111111111111010
10001101011100010000000000000000
00100001011010110000000000000001
10001101011100100000000000000000
00000010001100100100000000101010
00010001000101001111111111111010
10101101011100010000000000000000
10101101011100101111111111111111
00001000000000000000000000001000
00100000000011000000000000000000