00100000000010000000000000001000
00100000000010010000000000000001
00100000000010100000000000000001
00100000000001110000000000000000
00000001001001110100100000100000
00010001010010000000000000001001
00000000000010100010100000100000
00000000000010010011000000100000
00000000000000000011100000100000
00100001010010100000000000000001
00001000000100000000000000001011
00010000101000001111111111111000
00000000111001100011100000100000
00100000101001011111111111111111
00001000000100000000000000001011
10101100001010010000000000000001